3673601
4097227
4169628
3208248
3794277
1950382
4173404
2353271
336236
673675
180996
3501099
1807419
1754241
723080
2627054
1439549
511559
1593998
1799205
1207909
3535539
2035583
1782583
43767
1716749
3086014
1631297
710776
4022213
1276941
190073
3925137
1252265
3398321
3525110
3202648
3377421
1684078
3538884
4051096
1865074
2845679
1664211
3619315
3568760
96961
864560
4080319
1690960
2663766
1093924
1032195
505045
2876508
1075962
2221794
1768218
2707259
2932570
1596127
3984200
3122643
1326960
1042162
2326660
657767
50506
1509777
2341845
3589390
1366569
12615
2240766
3030781
3631930
1615222
3127742
302187
1501237
624398
2965953
2595161
1656593
3470998
1277365
2732555
1498488
3045583
1245510
236754
447407
1035407
3359397
1774367
2077569
1491753
2432134
2128075
3001530
579675
1523161
173795
592290
3763927
3204576
29917
1184845
2138015
332104
2686082
2762413
3298057
1086940
224703
2574751
2364305
2957258
4073239
1215585
8465
115689
1662992
1043872
3475086
3437359
3121441
772535
1675190
1055212
3774065
2254865
2578373
3947860
2847156
2147997
2958133
2877073
3332842
901844
3209177
1824621
3664257
2312930
2911561
3888960
693377
1081562
2651915
572312
2297147
2660380
688001
3960139
3704252
4163087
3203195
2631389
741318
684081
3686601
321079
2938946
2070670
74635
1591798
24363
3032768
274567
3357206
3934612
3483744
987523
3404566
1602370
3899084
3099222
2295747
786342
1556833
2868059
3083490
22909
3556060
2849325
3727161
3524843
1858216
2164246
71857
2542297
1656543
392936
1286940
3727214
467572
2878738
3751577
3500340
3153306
2914479
3240649
2442746
3902002
2450911
4045117
3606782
1355829
2146560
198821
2912663
820316
3282311
2935572
182072
1937332
2468430
3706916
3795549
438372
3778773
2143542
2094916
4171710
3430482
1627826
444978
2114917
1185099
3945318
1073919
4099579
2991663
3516665
3807277
1248270
3367478
3219756
2604100
1319735
3418577
1322459
2140051
2506584
63727
2322123
249612
2532157
1834735
4045161
2970530
1419205
1994400
871142
1396611
1230578
2498968
1841589
3345495
3684067
1592603
225110
3589342
389963
3741776
3202316
1638233
2914950
2227768
48029
40381
1452041
1370488
2180432
3958625
1434216
308252
13933
3966373
2142987
4059095
2742599
3562192
1859191
3613741
764499
3089769
1918405
2606088
2240961
1408169
4388
2466071
803207
394351
2013543
4005523
2032584
734190
2038987
2080614
774571
3491028
3451102
2955004
3255349
691014
3263256
3269283
463084
1211939
3134074
3205683
579828
798961
2625121
1344327
3888730
349222
3950416
1935387
1757391
3954804
207155
2560599
154851
2220698
2371818
2187435
2954888
216502
73745
3729460
3707530
3524848
2490160
2768576
21558
1559112
1843555
484642
2771051
783325
3690326
3350879
1582286
2121143
500903
1276712
2470365
257015
3212100
33453
17515
3419255
2594052
172366
1445649
771566
2359801
206234
988068
2433547
3935694
501295
1764091
2231550
3269871
1785649
3790662
919122
2270292
2367409
1702447
1766314
1523985
3284733
3887457
2024888
367141
2163518
2281903
3579241
2196971
2299418
2804192
596719
2471784
55538
1368286
637281
261772
2356354
3070828
3162
2857649
640615
2234712
1933216
2426265
1831070
2852338
502253
4175
360481
2268567
1528160
3645214
1961720
3553048
4012356
4125238
1640647
3397293
2127906
3940065
2007182
2724625
2217545
2062720
4092911
2854827
2324492
2254962
1731351
2327654
918307
2371967
368062
2851524
603928
2199132
1509558
1106181
2203307
1870040
3374748
3731468
1320950
1142164
3090212
1139002
1073098
536556
341992
3201004
282317
2349174
1731326
2499863
217590
1629933
1160386
2542082
3884895
2891737
675432
608899
1069400
1043494
3460423
1673328
3242626
775677
2779509
1251629
2645717
1959953
788793
3966668
3102117
3879006
911366
4175216
221258
1253358
3181916
503575
3602532
718938
3003438
3820122
2348872
4163824
2167900
2039463
2861258
2843332
2648362
3930658
3886826
1914481
1409683
2935148
2690159
4189192
4186778
1141572
1954842
781267
913936
862655
465969
1825303
843567
687227
3078661
4025484
1190803
2486890
550118
4194241
2112708
2898990
4163762
86305
744150
2830716
2929637
3392512
2567070
2622160
1112690
3976753
1363004
3802849
3971642
1355478
750117
1732180
2136746
1664054
2594835
2602715
3489357
3438403
3289943
2373714
3269583
286442
666300
3819701
286379
2779009
2524388
255837
2865314
3268538
3086553
1600647
2466746
1459320
28503
3579436
1241769
1391508
3187981
1019107
2746986
3938099
2751287
689428
1407849
1151819
3292144
702902
395918
2387783
3076616
3665501
2674225
3742917
3290898
2960604
2327622
1620982
3216442
998632
695216
2108691
2599279
3161963
3568011
2627783
2547095
615477
4019291
1540773
1634584
2571973
1284568
191568
3261402
2692417
1343387
2359242
3395319
1739305
552721
2277631
1210502
3226946
1826244
307096
1993246
4153866
1928079
1015384
958194
2623295
3124076
3557474
1590954
2497783
1990953
4138050
3113260
1815940
1484519
553541
193609
2769087
745109
3455011
1267200
2088496
1619949
468215
3827801
2172670
2745846
843999
1205312
377787
1151095
3198559
337349
3079174
19639
1295544
1508166
3143715
658714
3099120
1447195
2649667
3042866
366151
271303
333081
919692
464912
3102168
1664801
3919924
175064
3753297
1345569
643279
3386794
3518240
3389126
36489
529248
3766913
1187585
3727807
4104262
72455
3747447
1205502
1580621
2696858
1864216
485438
4144053
319579
3528304
315901
590882
3861386
1235593
1055795
2769250
2900395
781415
2944315
2459388
2126984
3587594
1651879
1450920
2782416
1688368
1980169
2355025
2875953
1513672
2264984
2948409
1066815
3470486
334726
3763674
1140399
820164
3713423
1459978
154165
4029324
2050861
4015551
1070614
3106656
2590497
3971009
3888071
1340508
2236093
1820751
733799
3887972
3271672
3516215
1382037
1057537
1676937
63686
2571209
3941921
3012095
3638025
3218103
3346822
3207395
164198
4166986
2726514
1624177
126847
2561535
3675038
4142398
3632149
2587390
2538592
3408854
2281157
3879100
1450643
4101908
418595
1144312
3179276
3934811
2526349
42509
1417444
2590035
2613719
1165061
1407827
2057440
188860
560345
1070531
353059
533027
3797045
1977236
659875
2164276
1457970
607969
1602121
4045360
3146561
816671
2132213
2831358
2267315
2039817
3249953
3411627
1024790
2990460
1743672
1067299
213600
139403
3681018
1378661
1547230
1544154
1567522
2107575
2614685
1920581
2640603
2217427
3897817
3300478
187399
1161483
3908447
1789521
1012539
2860705
2606192
3144752
1497759
679203
990265
553408
4090830
2015055
3543869
1640198
3082355
3757469
1779602
2569069
941827
3326832
4113224
2509349
1240104
2533605
235626
3880707
556728
4133443
2986881
744128
1100622
2701024
2533649
2113161
1367425
945537
1063609
2865184
1624741
2053874
3418593
1521267
4068930
2768158
3161466
2956981
2331323
746764
1331746
3273150
4073596
1250666
1588195
1119396
3784272
1823821
805799
146696
1762960
3792680
890824
2863582
2299401
3424473
782439
3666826
175707
1846048
2337707
1800448
3899923
1561996
3321715
3774549
135850
2288877
2537226
2467173
3035641
3868972
1546020
2914934
925335
3134215
4034330
515303
763733
645826
661999
2526693
244202
1552824
1195972
2543603
782993
1978411
2016126
958700
3824460
159529
2759148
3530079
1721525
1886560
3110324
1857375
4175437
1453246
130244
3016775
1127914
1676264
1737405
2053249
616176
1577431
2568552
1379909
2223257
3230552
3906602
2467460
589072
908270
816759
1372065
2886682
2832885
2330766
2516838
2992414
895610
1852613
519635
2782170
768633
2377010
2763304
2221879
2507255
1585775
3349793
4183519
3323180
1208739
605391
706307
3777291
1985300
2929565
2813539
1697599
1202721
3402611
2605869
2019480
580373
1298247
658062
2911139
3815085
3650476
3806749
1473394
4170112
2394616
2242027
2352818
963616
269602
665769
2549391
3619396
654985
1678267
633831
1260376
2384574
216818
3245677
1119835
3030358
748972
2322556
2238665
3354841
147733
2819038
458785
805795
1535873
79566
261967
1148319
1552961
237775
